1.000000000000000000e+00 1.417635801244983007e-01
1.080808080808080884e+00 1.176933089219154849e-01
1.161616161616161547e+00 1.359164596061148145e-01
1.242424242424242431e+00 1.392464765386920711e-01
1.323232323232323315e+00 1.363284145135348069e-01
1.404040404040403978e+00 1.856355905508525472e-01
1.484848484848484862e+00 1.669925573625354043e-01
1.565656565656565746e+00 1.831005284894635654e-01
1.646464646464646631e+00 1.893522779412809276e-01
1.727272727272727293e+00 1.793353298244196314e-01
1.808080808080808177e+00 1.911307837525524911e-01
1.888888888888888840e+00 1.926983293405049313e-01
1.969696969696969724e+00 2.223657819669613567e-01
2.050505050505050608e+00 2.181279826421544110e-01
2.131313131313131493e+00 2.309843935754527788e-01
2.212121212121211933e+00 2.266153876469830242e-01
2.292929292929293261e+00 2.686705212755546857e-01
2.373737373737373701e+00 2.427029312131774308e-01
2.454545454545454586e+00 2.947399866402048429e-01
2.535353535353535470e+00 2.623934117572744307e-01
2.616161616161616355e+00 2.902364172378941176e-01
2.696969696969697239e+00 2.719392364264241468e-01
2.777777777777777679e+00 3.171335922605694746e-01
2.858585858585859008e+00 2.953388832495007499e-01
2.939393939393939448e+00 3.203345928598002601e-01
3.020202020202020332e+00 3.390240791781556351e-01
3.101010101010101216e+00 3.175975843468729631e-01
3.181818181818182101e+00 3.457361768911668132e-01
3.262626262626262985e+00 3.370934866790653017e-01
3.343434343434343425e+00 3.723032368092916156e-01
3.424242424242424310e+00 3.785700021020531603e-01
3.505050505050505194e+00 3.593325022189046702e-01
3.585858585858586078e+00 4.016841864692122788e-01
3.666666666666666963e+00 3.676554216424838817e-01
3.747474747474747847e+00 4.177593246186305787e-01
3.828282828282828731e+00 4.107734733863298016e-01
3.909090909090909172e+00 4.110701145143834112e-01
3.989898989898990056e+00 4.369272455410158074e-01
4.070707070707070940e+00 4.429171571553306430e-01
4.151515151515152269e+00 4.645178238919366320e-01
4.232323232323232709e+00 4.371365756629724264e-01
4.313131313131313149e+00 4.315028149335984331e-01
4.393939393939394478e+00 4.860890698096838602e-01
4.474747474747474918e+00 4.903696027016422043e-01
4.555555555555555358e+00 4.919980994315183431e-01
4.636363636363636687e+00 4.894708027824405949e-01
4.717171717171718015e+00 5.070649839796098624e-01
4.797979797979798455e+00 5.188244576418170606e-01
4.878787878787878896e+00 5.066225850556308474e-01
4.959595959595960224e+00 5.344757222260939633e-01
5.040404040404040664e+00 5.415716199991628121e-01
5.121212121212121993e+00 5.427817726984252023e-01
5.202020202020202433e+00 5.402953164004120623e-01
5.282828282828282873e+00 5.631482292460453509e-01
5.363636363636364202e+00 5.365192792548960643e-01
5.444444444444444642e+00 5.831892767806744482e-01
5.525252525252525970e+00 5.973460826480949670e-01
5.606060606060606410e+00 5.725718459779358671e-01
5.686868686868686851e+00 5.747252279023301602e-01
5.767676767676768179e+00 5.877818761573632145e-01
5.848484848484848619e+00 5.999533214129897374e-01
5.929292929292929948e+00 6.370807183574846988e-01
6.010101010101010388e+00 6.281684225220058870e-01
6.090909090909091717e+00 6.234264915712307564e-01
6.171717171717172157e+00 6.240894516613645360e-01
6.252525252525252597e+00 6.397597484077524044e-01
6.333333333333333925e+00 6.640268878203960945e-01
6.414141414141414366e+00 6.576210679090137567e-01
6.494949494949495694e+00 6.723629585794994590e-01
6.575757575757576134e+00 6.797816129265884522e-01
6.656565656565657463e+00 7.070633336931414492e-01
6.737373737373737903e+00 6.950547814491854215e-01
6.818181818181818343e+00 6.991031228769569728e-01
6.898989898989899672e+00 7.236475701394452509e-01
6.979797979797980112e+00 7.090539007664744542e-01
7.060606060606061440e+00 7.294228972569338776e-01
7.141414141414141881e+00 7.298796985076150268e-01
7.222222222222222321e+00 7.535650023303640532e-01
7.303030303030303649e+00 7.741710540377710892e-01
7.383838383838384090e+00 7.607682883911198735e-01
7.464646464646465418e+00 7.856875174042428078e-01
7.545454545454545858e+00 7.773937395735321942e-01
7.626262626262627187e+00 7.954377292121193044e-01
7.707070707070707627e+00 7.772991194584458752e-01
7.787878787878788067e+00 8.004369541362612583e-01
7.868686868686869396e+00 8.323342863014338011e-01
7.949494949494949836e+00 8.252234450010418332e-01
8.030303030303031164e+00 8.413690323921583225e-01
8.111111111111110716e+00 8.363461415159058054e-01
8.191919191919193821e+00 8.440947004333198000e-01
8.272727272727273373e+00 8.694177192823698830e-01
8.353535353535352925e+00 8.387438820705830356e-01
8.434343434343436030e+00 8.720979570118279067e-01
8.515151515151515582e+00 8.986532802867990277e-01
8.595959595959596911e+00 8.854889620045758303e-01
8.676767676767678239e+00 8.774000581531620213e-01
8.757575757575757791e+00 9.181545453797496092e-01
8.838383838383839120e+00 8.964203409561766200e-01
8.919191919191920448e+00 9.269554937433189812e-01
9.000000000000000000e+00 9.270130470198449935e-01
